[ui-tour/adddata-tour%3Aenterprise]
version = 8.2.5
modtime = 1653902153.093180000

[history/.dummy_history]
version = 8.2.5
modtime = 1653902478.990038000

[ui-tour/search-tour]
version = 8.2.5
modtime = 1653902486.368011000

[ui-prefs/search]
version = 8.2.5
modtime = 1653977570.334747000
