[app/install/state]
version = 8.2.5
modtime = 1655797447.144041000

[app/install/install_source_checksum]
version = 8.2.5
modtime = 1655797383.874007000
